options aspect=1 hasize=100apct width=0.5gpct;
openscreen;
doodle;
1 50 50 96 sq 0 1.5 5 0.0:0.0:0.0 1 none
4 0 3 5 0.0:0.0:0.0 1 3
10 90 10 10 90 10
4 0 3 5 0.0:0.0:0.0 1 2
10 23 18 23
4 0 3 5 0.0:0.0:0.0 1 2
10 36 18 36
4 0 3 5 0.0:0.0:0.0 1 2
10 49 26 49
4 0 3 5 0.0:0.0:0.0 1 2
10 62 18 62
4 0 3 5 0.0:0.0:0.0 1 2
10 75 18 75
4 0 3 5 0.0:0.0:0.0 1 2
10 88 26 88
4 0 3 5 0.0:0.0:0.0 1 2
25 10 25 18
4 0 3 5 0.0:0.0:0.0 1 2
40 10 40 18
4 0 3 5 0.0:0.0:0.0 1 2
55 10 55 18
4 0 3 5 0.0:0.0:0.0 1 2
70 10 70 18
4 0 3 5 0.0:0.0:0.0 1 2
85 10 85 26
17 0 0 5 0.0:0.0:0.0 1 1 1 0.0:0.0:0.0 7 10
35 33 33 33 25 30 14 19 13 8 17 3
27 8 27 16 30 24 35 32
17 0 0 5 0.0:0.0:0.0 1 1 1 0.0:0.0:0.0 7 8
70 40 76 44 86 44 90 38 89 32 83 32 79 35 71 40
17 0 0 5 0.0:0.0:0.0 1 1 1 0.0:0.0:0.0 7 12
75 49 68 44 63 33 63 25 60 22 56 25 56 33 59 44 
65 52 72 56 78 55 78 51
17 0 0 5 0.0:0.0:0.0 1 1 1 0.0:0.0:0.0 7 9
56 77 60 82 67 85 75 85 78 88 78 93 68 96 62 93 56 85
17 0 0 5 0.0:0.0:0.0 1 1 1 0.0:0.0:0.0 7 38
81 62 73 62 65 57 60 54 59 52 52 46 51 37 49 27
46 17 43 16 38 16 37 21 40 29 41 35 41 43 35 41
30 40 21 41 16 49 19 62 25 67 35 62 37 59 38 62
37 67 29 75 27 81 35 90 44 89 49 78 52 68 60 70
68 76 76 78 89 75 94 67 90 60 83 60
-10
